{
 "cells": [
  {
   "cell_type": "code",
   "execution_count": 9,
   "metadata": {},
   "outputs": [
    {
     "data": {
      "text/plain": [
       "'/Users/ozgucbertugcapunaman/Documents/GitHub/MycoRobo3D-DIC/utilities'"
      ]
     },
     "execution_count": 9,
     "metadata": {},
     "output_type": "execute_result"
    }
   ],
   "source": [
    "import numpy as np\n",
    "import os\n",
    "from abb_parser import TROBParser\n",
    "from visualizer import CameraPoseVisualizer\n",
    "\n",
    "np.set_printoptions(precision=3, suppress=True)\n",
    "\n",
    "root = str(globals()['_dh'][0])\n",
    "root"
   ]
  },
  {
   "cell_type": "code",
   "execution_count": 10,
   "metadata": {},
   "outputs": [
    {
     "name": "stdout",
     "output_type": "stream",
     "text": [
      "-------------------\n",
      "Extrinsic Calibration:\n",
      "[[1. 0. 0. 0.]\n",
      " [0. 1. 0. 0.]\n",
      " [0. 0. 1. 0.]\n",
      " [0. 0. 0. 1.]]\n",
      "-------------------\n"
     ]
    }
   ],
   "source": [
    "parser = TROBParser(dir=root, parsing_method='movel')"
   ]
  },
  {
   "cell_type": "code",
   "execution_count": 11,
   "metadata": {},
   "outputs": [
    {
     "data": {
      "text/plain": [
       "array([[[   0.   ,   -1.   ,    0.   ,  803.799],\n",
       "        [  -1.   ,    0.   ,   -0.   ,   38.058],\n",
       "        [   0.   ,    0.   ,   -1.   , 1245.097],\n",
       "        [   0.   ,    0.   ,    0.   ,    1.   ]],\n",
       "\n",
       "       [[   0.   ,   -1.   ,    0.   ,  823.799],\n",
       "        [  -1.   ,    0.   ,   -0.   ,   38.058],\n",
       "        [   0.   ,    0.   ,   -1.   , 1245.097],\n",
       "        [   0.   ,    0.   ,    0.   ,    1.   ]],\n",
       "\n",
       "       [[   0.   ,   -1.   ,    0.   ,  823.799],\n",
       "        [  -1.   ,    0.   ,   -0.   ,   58.058],\n",
       "        [   0.   ,    0.   ,   -1.   , 1245.097],\n",
       "        [   0.   ,    0.   ,    0.   ,    1.   ]],\n",
       "\n",
       "       [[   0.   ,   -1.   ,    0.   ,  803.799],\n",
       "        [  -1.   ,    0.   ,   -0.   ,   58.058],\n",
       "        [   0.   ,    0.   ,   -1.   , 1245.097],\n",
       "        [   0.   ,    0.   ,    0.   ,    1.   ]],\n",
       "\n",
       "       [[   1.   ,    0.   ,    0.   ,  813.799],\n",
       "        [   0.   ,   -0.866,   -0.5  ,  298.058],\n",
       "        [   0.   ,    0.5  ,   -0.866, 1213.523],\n",
       "        [   0.   ,    0.   ,    0.   ,    1.   ]],\n",
       "\n",
       "       [[   1.   ,    0.   ,    0.   ,  813.799],\n",
       "        [   0.   ,   -0.707,   -0.707,  401.611],\n",
       "        [   0.   ,    0.707,   -0.707, 1134.063],\n",
       "        [   0.   ,    0.   ,    0.   ,    1.   ]],\n",
       "\n",
       "       [[   1.   ,    0.   ,    0.   ,  813.799],\n",
       "        [   0.   ,   -0.5  ,   -0.866,  481.071],\n",
       "        [   0.   ,    0.866,   -0.5  , 1030.51 ],\n",
       "        [   0.   ,    0.   ,    0.   ,    1.   ]],\n",
       "\n",
       "       [[   1.   ,    0.   ,    0.   ,  813.799],\n",
       "        [   0.   ,   -0.259,   -0.966,  531.021],\n",
       "        [   0.   ,    0.966,   -0.259,  909.92 ],\n",
       "        [   0.   ,    0.   ,    0.   ,    1.   ]],\n",
       "\n",
       "       [[   1.   ,    0.   ,    0.   ,  813.799],\n",
       "        [   0.   ,    0.   ,   -1.   ,  548.058],\n",
       "        [   0.   ,    1.   ,    0.   ,  780.51 ],\n",
       "        [   0.   ,    0.   ,    0.   ,    1.   ]],\n",
       "\n",
       "       [[   0.924,    0.   ,   -0.383, 1005.141],\n",
       "        [  -0.383,    0.   ,   -0.924,  509.998],\n",
       "        [   0.   ,    1.   ,    0.   ,  780.51 ],\n",
       "        [   0.   ,    0.   ,    0.   ,    1.   ]],\n",
       "\n",
       "       [[   0.924,   -0.099,   -0.37 ,  998.621],\n",
       "        [  -0.383,   -0.239,   -0.892,  494.257],\n",
       "        [   0.   ,    0.966,   -0.259,  909.92 ],\n",
       "        [   0.   ,    0.   ,    0.   ,    1.   ]],\n",
       "\n",
       "       [[   0.924,   -0.191,   -0.331,  979.506],\n",
       "        [  -0.383,   -0.462,   -0.8  ,  448.109],\n",
       "        [  -0.   ,    0.866,   -0.5  , 1030.51 ],\n",
       "        [   0.   ,    0.   ,    0.   ,    1.   ]],\n",
       "\n",
       "       [[   0.924,   -0.271,   -0.271,  949.098],\n",
       "        [  -0.383,   -0.653,   -0.653,  374.699],\n",
       "        [  -0.   ,    0.707,   -0.707, 1134.063],\n",
       "        [   0.   ,    0.   ,    0.   ,    1.   ]],\n",
       "\n",
       "       [[   0.924,   -0.331,   -0.191,  909.47 ],\n",
       "        [  -0.383,   -0.8  ,   -0.462,  279.028],\n",
       "        [   0.   ,    0.5  ,   -0.866, 1213.523],\n",
       "        [   0.   ,    0.   ,    0.   ,    1.   ]],\n",
       "\n",
       "       [[   0.707,   -0.612,   -0.354,  990.576],\n",
       "        [  -0.707,   -0.612,   -0.354,  224.835],\n",
       "        [  -0.   ,    0.5  ,   -0.866, 1213.523],\n",
       "        [   0.   ,    0.   ,    0.   ,    1.   ]],\n",
       "\n",
       "       [[   0.707,   -0.5  ,   -0.5  , 1063.799],\n",
       "        [  -0.707,   -0.5  ,   -0.5  ,  298.058],\n",
       "        [  -0.   ,    0.707,   -0.707, 1134.063],\n",
       "        [   0.   ,    0.   ,    0.   ,    1.   ]],\n",
       "\n",
       "       [[   0.707,   -0.354,   -0.612, 1119.985],\n",
       "        [  -0.707,   -0.354,   -0.612,  354.244],\n",
       "        [   0.   ,    0.866,   -0.5  , 1030.51 ],\n",
       "        [   0.   ,    0.   ,    0.   ,    1.   ]],\n",
       "\n",
       "       [[   0.707,   -0.183,   -0.683, 1155.306],\n",
       "        [  -0.707,   -0.183,   -0.683,  389.564],\n",
       "        [   0.   ,    0.966,   -0.259,  909.92 ],\n",
       "        [   0.   ,    0.   ,    0.   ,    1.   ]],\n",
       "\n",
       "       [[   0.707,    0.   ,   -0.707, 1167.353],\n",
       "        [  -0.707,    0.   ,   -0.707,  401.611],\n",
       "        [   0.   ,    1.   ,    0.   ,  780.51 ],\n",
       "        [   0.   ,    0.   ,    0.   ,    1.   ]],\n",
       "\n",
       "       [[   0.383,    0.   ,   -0.924, 1275.739],\n",
       "        [  -0.924,    0.   ,   -0.383,  239.4  ],\n",
       "        [   0.   ,    1.   ,    0.   ,  780.51 ],\n",
       "        [   0.   ,    0.   ,    0.   ,    1.   ]],\n",
       "\n",
       "       [[   0.383,   -0.239,   -0.892, 1259.999],\n",
       "        [  -0.924,   -0.099,   -0.37 ,  232.88 ],\n",
       "        [  -0.   ,    0.966,   -0.259,  909.92 ],\n",
       "        [   0.   ,    0.   ,    0.   ,    1.   ]],\n",
       "\n",
       "       [[   0.383,   -0.462,   -0.8  , 1213.851],\n",
       "        [  -0.924,   -0.191,   -0.331,  213.765],\n",
       "        [  -0.   ,    0.866,   -0.5  , 1030.51 ],\n",
       "        [   0.   ,    0.   ,    0.   ,    1.   ]],\n",
       "\n",
       "       [[   0.383,   -0.653,   -0.653, 1140.44 ],\n",
       "        [  -0.924,   -0.271,   -0.271,  183.357],\n",
       "        [  -0.   ,    0.707,   -0.707, 1134.063],\n",
       "        [   0.   ,    0.   ,    0.   ,    1.   ]],\n",
       "\n",
       "       [[   0.383,   -0.8  ,   -0.462, 1044.769],\n",
       "        [  -0.924,   -0.331,   -0.191,  143.729],\n",
       "        [   0.   ,    0.5  ,   -0.866, 1213.523],\n",
       "        [   0.   ,    0.   ,    0.   ,    1.   ]],\n",
       "\n",
       "       [[   0.   ,   -0.866,   -0.5  , 1063.799],\n",
       "        [  -1.   ,    0.   ,    0.   ,   48.058],\n",
       "        [   0.   ,    0.5  ,   -0.866, 1213.523],\n",
       "        [   0.   ,    0.   ,    0.   ,    1.   ]],\n",
       "\n",
       "       [[   0.   ,   -0.707,   -0.707, 1167.353],\n",
       "        [  -1.   ,    0.   ,    0.   ,   48.058],\n",
       "        [   0.   ,    0.707,   -0.707, 1134.063],\n",
       "        [   0.   ,    0.   ,    0.   ,    1.   ]],\n",
       "\n",
       "       [[   0.   ,   -0.5  ,   -0.866, 1246.812],\n",
       "        [  -1.   ,    0.   ,    0.   ,   48.058],\n",
       "        [   0.   ,    0.866,   -0.5  , 1030.51 ],\n",
       "        [   0.   ,    0.   ,    0.   ,    1.   ]],\n",
       "\n",
       "       [[   0.   ,   -0.259,   -0.966, 1296.762],\n",
       "        [  -1.   ,    0.   ,    0.   ,   48.058],\n",
       "        [   0.   ,    0.966,   -0.259,  909.92 ],\n",
       "        [   0.   ,    0.   ,    0.   ,    1.   ]],\n",
       "\n",
       "       [[   0.   ,    0.   ,   -1.   , 1313.799],\n",
       "        [  -1.   ,    0.   ,    0.   ,   48.058],\n",
       "        [   0.   ,    1.   ,    0.   ,  780.51 ],\n",
       "        [   0.   ,    0.   ,    0.   ,    1.   ]],\n",
       "\n",
       "       [[  -1.   ,    0.   ,    0.   ,  813.799],\n",
       "        [   0.   ,    0.   ,    1.   , -451.942],\n",
       "        [   0.   ,    1.   ,    0.   ,  780.51 ],\n",
       "        [   0.   ,    0.   ,    0.   ,    1.   ]],\n",
       "\n",
       "       [[  -1.   ,    0.   ,    0.   ,  813.799],\n",
       "        [   0.   ,    0.259,    0.966, -434.905],\n",
       "        [   0.   ,    0.966,   -0.259,  909.92 ],\n",
       "        [   0.   ,    0.   ,    0.   ,    1.   ]],\n",
       "\n",
       "       [[  -1.   ,    0.   ,    0.   ,  813.799],\n",
       "        [   0.   ,    0.5  ,    0.866, -384.955],\n",
       "        [   0.   ,    0.866,   -0.5  , 1030.51 ],\n",
       "        [   0.   ,    0.   ,    0.   ,    1.   ]],\n",
       "\n",
       "       [[  -1.   ,    0.   ,    0.   ,  813.799],\n",
       "        [   0.   ,    0.707,    0.707, -305.496],\n",
       "        [   0.   ,    0.707,   -0.707, 1134.063],\n",
       "        [   0.   ,    0.   ,    0.   ,    1.   ]],\n",
       "\n",
       "       [[  -1.   ,    0.   ,    0.   ,  813.799],\n",
       "        [   0.   ,    0.866,    0.5  , -201.942],\n",
       "        [   0.   ,    0.5  ,   -0.866, 1213.523],\n",
       "        [   0.   ,    0.   ,    0.   ,    1.   ]],\n",
       "\n",
       "       [[  -0.924,   -0.331,   -0.191,  909.47 ],\n",
       "        [  -0.383,    0.8  ,    0.462, -182.912],\n",
       "        [  -0.   ,    0.5  ,   -0.866, 1213.523],\n",
       "        [   0.   ,    0.   ,    0.   ,    1.   ]],\n",
       "\n",
       "       [[  -0.924,   -0.271,   -0.271,  949.098],\n",
       "        [  -0.383,    0.653,    0.653, -278.583],\n",
       "        [   0.   ,    0.707,   -0.707, 1134.063],\n",
       "        [   0.   ,    0.   ,    0.   ,    1.   ]],\n",
       "\n",
       "       [[  -0.924,   -0.191,   -0.331,  979.506],\n",
       "        [  -0.383,    0.462,    0.8  , -351.994],\n",
       "        [   0.   ,    0.866,   -0.5  , 1030.51 ],\n",
       "        [   0.   ,    0.   ,    0.   ,    1.   ]],\n",
       "\n",
       "       [[  -0.924,   -0.099,   -0.37 ,  998.621],\n",
       "        [  -0.383,    0.239,    0.892, -398.142],\n",
       "        [  -0.   ,    0.966,   -0.259,  909.92 ],\n",
       "        [   0.   ,    0.   ,    0.   ,    1.   ]],\n",
       "\n",
       "       [[  -0.924,    0.   ,   -0.383, 1005.141],\n",
       "        [  -0.383,    0.   ,    0.924, -413.882],\n",
       "        [   0.   ,    1.   ,    0.   ,  780.51 ],\n",
       "        [   0.   ,    0.   ,    0.   ,    1.   ]],\n",
       "\n",
       "       [[  -0.707,    0.   ,   -0.707, 1167.353],\n",
       "        [  -0.707,    0.   ,    0.707, -305.496],\n",
       "        [   0.   ,    1.   ,    0.   ,  780.51 ],\n",
       "        [   0.   ,    0.   ,    0.   ,    1.   ]],\n",
       "\n",
       "       [[  -0.707,   -0.183,   -0.683, 1155.306],\n",
       "        [  -0.707,    0.183,    0.683, -293.449],\n",
       "        [  -0.   ,    0.966,   -0.259,  909.92 ],\n",
       "        [   0.   ,    0.   ,    0.   ,    1.   ]],\n",
       "\n",
       "       [[  -0.707,   -0.354,   -0.612, 1119.985],\n",
       "        [  -0.707,    0.354,    0.612, -258.128],\n",
       "        [  -0.   ,    0.866,   -0.5  , 1030.51 ],\n",
       "        [   0.   ,    0.   ,    0.   ,    1.   ]],\n",
       "\n",
       "       [[  -0.707,   -0.5  ,   -0.5  , 1063.799],\n",
       "        [  -0.707,    0.5  ,    0.5  , -201.942],\n",
       "        [   0.   ,    0.707,   -0.707, 1134.063],\n",
       "        [   0.   ,    0.   ,    0.   ,    1.   ]],\n",
       "\n",
       "       [[  -0.707,   -0.612,   -0.354,  990.576],\n",
       "        [  -0.707,    0.612,    0.354, -128.719],\n",
       "        [   0.   ,    0.5  ,   -0.866, 1213.523],\n",
       "        [   0.   ,    0.   ,    0.   ,    1.   ]],\n",
       "\n",
       "       [[  -0.383,   -0.8  ,   -0.462, 1044.769],\n",
       "        [  -0.924,    0.331,    0.191,  -47.613],\n",
       "        [  -0.   ,    0.5  ,   -0.866, 1213.523],\n",
       "        [   0.   ,    0.   ,    0.   ,    1.   ]],\n",
       "\n",
       "       [[  -0.383,   -0.653,   -0.653, 1140.44 ],\n",
       "        [  -0.924,    0.271,    0.271,  -87.241],\n",
       "        [   0.   ,    0.707,   -0.707, 1134.063],\n",
       "        [   0.   ,    0.   ,    0.   ,    1.   ]],\n",
       "\n",
       "       [[  -0.383,   -0.462,   -0.8  , 1213.851],\n",
       "        [  -0.924,    0.191,    0.331, -117.649],\n",
       "        [   0.   ,    0.866,   -0.5  , 1030.51 ],\n",
       "        [   0.   ,    0.   ,    0.   ,    1.   ]],\n",
       "\n",
       "       [[  -0.383,   -0.239,   -0.892, 1259.999],\n",
       "        [  -0.924,    0.099,    0.37 , -136.764],\n",
       "        [   0.   ,    0.966,   -0.259,  909.92 ],\n",
       "        [   0.   ,    0.   ,    0.   ,    1.   ]],\n",
       "\n",
       "       [[  -0.383,    0.   ,   -0.924, 1275.739],\n",
       "        [  -0.924,    0.   ,    0.383, -143.284],\n",
       "        [   0.   ,    1.   ,    0.   ,  780.51 ],\n",
       "        [   0.   ,    0.   ,    0.   ,    1.   ]]])"
      ]
     },
     "execution_count": 11,
     "metadata": {},
     "output_type": "execute_result"
    }
   ],
   "source": [
    "Ts = np.asarray(parser.base_T_tcp(export=False)['H'])\n",
    "Ts"
   ]
  },
  {
   "cell_type": "code",
   "execution_count": 12,
   "metadata": {},
   "outputs": [
    {
     "data": {
      "text/plain": [
       "array([[[   1.   ,    0.   ,    0.   ,    0.   ],\n",
       "        [   0.   ,    1.   ,    0.   ,    0.   ],\n",
       "        [   0.   ,    0.   ,    1.   ,    0.   ],\n",
       "        [   0.   ,    0.   ,    0.   ,    1.   ]],\n",
       "\n",
       "       [[   1.   ,    0.   ,    0.   ,    0.   ],\n",
       "        [   0.   ,    1.   ,    0.   ,  -20.   ],\n",
       "        [   0.   ,    0.   ,    1.   ,    0.   ],\n",
       "        [   0.   ,    0.   ,    0.   ,    1.   ]],\n",
       "\n",
       "       [[   1.   ,    0.   ,    0.   ,  -20.   ],\n",
       "        [   0.   ,    1.   ,    0.   ,  -20.   ],\n",
       "        [   0.   ,    0.   ,    1.   ,    0.   ],\n",
       "        [   0.   ,    0.   ,    0.   ,    1.   ]],\n",
       "\n",
       "       [[   1.   ,    0.   ,    0.   ,  -20.   ],\n",
       "        [   0.   ,    1.   ,    0.   ,    0.   ],\n",
       "        [   0.   ,    0.   ,    1.   ,    0.   ],\n",
       "        [   0.   ,    0.   ,    0.   ,    1.   ]],\n",
       "\n",
       "       [[   0.   ,    0.866,    0.5  , -260.   ],\n",
       "        [  -1.   ,    0.   ,    0.   ,  -10.   ],\n",
       "        [   0.   ,   -0.5  ,    0.866,   31.574],\n",
       "        [   0.   ,    0.   ,    0.   ,    1.   ]],\n",
       "\n",
       "       [[   0.   ,    0.707,    0.707, -363.553],\n",
       "        [  -1.   ,    0.   ,    0.   ,  -10.   ],\n",
       "        [   0.   ,   -0.707,    0.707,  111.034],\n",
       "        [   0.   ,    0.   ,    0.   ,    1.   ]],\n",
       "\n",
       "       [[   0.   ,    0.5  ,    0.866, -443.013],\n",
       "        [  -1.   ,    0.   ,    0.   ,  -10.   ],\n",
       "        [   0.   ,   -0.866,    0.5  ,  214.587],\n",
       "        [   0.   ,    0.   ,    0.   ,    1.   ]],\n",
       "\n",
       "       [[   0.   ,    0.259,    0.966, -492.963],\n",
       "        [  -1.   ,    0.   ,    0.   ,  -10.   ],\n",
       "        [   0.   ,   -0.966,    0.259,  335.177],\n",
       "        [   0.   ,    0.   ,    0.   ,    1.   ]],\n",
       "\n",
       "       [[   0.   ,    0.   ,    1.   , -510.   ],\n",
       "        [  -1.   ,    0.   ,    0.   ,  -10.   ],\n",
       "        [   0.   ,   -1.   ,    0.   ,  464.587],\n",
       "        [   0.   ,    0.   ,    0.   ,    1.   ]],\n",
       "\n",
       "       [[   0.383,    0.   ,    0.924, -471.94 ],\n",
       "        [  -0.924,    0.   ,    0.383, -201.342],\n",
       "        [   0.   ,   -1.   ,    0.   ,  464.587],\n",
       "        [   0.   ,    0.   ,    0.   ,    1.   ]],\n",
       "\n",
       "       [[   0.383,    0.239,    0.892, -456.199],\n",
       "        [  -0.924,    0.099,    0.37 , -194.822],\n",
       "        [  -0.   ,   -0.966,    0.259,  335.177],\n",
       "        [   0.   ,    0.   ,    0.   ,    1.   ]],\n",
       "\n",
       "       [[   0.383,    0.462,    0.8  , -410.051],\n",
       "        [  -0.924,    0.191,    0.331, -175.707],\n",
       "        [   0.   ,   -0.866,    0.5  ,  214.587],\n",
       "        [   0.   ,    0.   ,    0.   ,    1.   ]],\n",
       "\n",
       "       [[   0.383,    0.653,    0.653, -336.641],\n",
       "        [  -0.924,    0.271,    0.271, -145.299],\n",
       "        [   0.   ,   -0.707,    0.707,  111.034],\n",
       "        [   0.   ,    0.   ,    0.   ,    1.   ]],\n",
       "\n",
       "       [[   0.383,    0.8  ,    0.462, -240.97 ],\n",
       "        [  -0.924,    0.331,    0.191, -105.671],\n",
       "        [  -0.   ,   -0.5  ,    0.866,   31.574],\n",
       "        [   0.   ,    0.   ,    0.   ,    1.   ]],\n",
       "\n",
       "       [[   0.707,    0.612,    0.354, -186.777],\n",
       "        [  -0.707,    0.612,    0.354, -186.777],\n",
       "        [   0.   ,   -0.5  ,    0.866,   31.574],\n",
       "        [   0.   ,    0.   ,    0.   ,    1.   ]],\n",
       "\n",
       "       [[   0.707,    0.5  ,    0.5  , -260.   ],\n",
       "        [  -0.707,    0.5  ,    0.5  , -260.   ],\n",
       "        [   0.   ,   -0.707,    0.707,  111.034],\n",
       "        [   0.   ,    0.   ,    0.   ,    1.   ]],\n",
       "\n",
       "       [[   0.707,    0.354,    0.612, -316.186],\n",
       "        [  -0.707,    0.354,    0.612, -316.186],\n",
       "        [  -0.   ,   -0.866,    0.5  ,  214.587],\n",
       "        [   0.   ,    0.   ,    0.   ,    1.   ]],\n",
       "\n",
       "       [[   0.707,    0.183,    0.683, -351.506],\n",
       "        [  -0.707,    0.183,    0.683, -351.507],\n",
       "        [  -0.   ,   -0.966,    0.259,  335.177],\n",
       "        [   0.   ,    0.   ,    0.   ,    1.   ]],\n",
       "\n",
       "       [[   0.707,    0.   ,    0.707, -363.553],\n",
       "        [  -0.707,    0.   ,    0.707, -363.554],\n",
       "        [   0.   ,   -1.   ,    0.   ,  464.587],\n",
       "        [   0.   ,    0.   ,    0.   ,    1.   ]],\n",
       "\n",
       "       [[   0.924,    0.   ,    0.383, -201.342],\n",
       "        [  -0.383,    0.   ,    0.924, -471.94 ],\n",
       "        [   0.   ,   -1.   ,    0.   ,  464.587],\n",
       "        [   0.   ,    0.   ,    0.   ,    1.   ]],\n",
       "\n",
       "       [[   0.924,    0.099,    0.37 , -194.822],\n",
       "        [  -0.383,    0.239,    0.892, -456.2  ],\n",
       "        [   0.   ,   -0.966,    0.259,  335.177],\n",
       "        [   0.   ,    0.   ,    0.   ,    1.   ]],\n",
       "\n",
       "       [[   0.924,    0.191,    0.331, -175.707],\n",
       "        [  -0.383,    0.462,    0.8  , -410.052],\n",
       "        [   0.   ,   -0.866,    0.5  ,  214.587],\n",
       "        [   0.   ,    0.   ,    0.   ,    1.   ]],\n",
       "\n",
       "       [[   0.924,    0.271,    0.271, -145.299],\n",
       "        [  -0.383,    0.653,    0.653, -336.641],\n",
       "        [   0.   ,   -0.707,    0.707,  111.034],\n",
       "        [   0.   ,    0.   ,    0.   ,    1.   ]],\n",
       "\n",
       "       [[   0.924,    0.331,    0.191, -105.671],\n",
       "        [  -0.383,    0.8  ,    0.462, -240.97 ],\n",
       "        [  -0.   ,   -0.5  ,    0.866,   31.574],\n",
       "        [   0.   ,    0.   ,    0.   ,    1.   ]],\n",
       "\n",
       "       [[   1.   ,    0.   ,    0.   ,  -10.   ],\n",
       "        [   0.   ,    0.866,    0.5  , -260.   ],\n",
       "        [   0.   ,   -0.5  ,    0.866,   31.574],\n",
       "        [   0.   ,    0.   ,    0.   ,    1.   ]],\n",
       "\n",
       "       [[   1.   ,    0.   ,    0.   ,  -10.   ],\n",
       "        [   0.   ,    0.707,    0.707, -363.554],\n",
       "        [   0.   ,   -0.707,    0.707,  111.034],\n",
       "        [   0.   ,    0.   ,    0.   ,    1.   ]],\n",
       "\n",
       "       [[   1.   ,    0.   ,    0.   ,  -10.   ],\n",
       "        [   0.   ,    0.5  ,    0.866, -443.013],\n",
       "        [   0.   ,   -0.866,    0.5  ,  214.587],\n",
       "        [   0.   ,    0.   ,    0.   ,    1.   ]],\n",
       "\n",
       "       [[   1.   ,    0.   ,    0.   ,  -10.   ],\n",
       "        [   0.   ,    0.259,    0.966, -492.963],\n",
       "        [   0.   ,   -0.966,    0.259,  335.177],\n",
       "        [   0.   ,    0.   ,    0.   ,    1.   ]],\n",
       "\n",
       "       [[   1.   ,    0.   ,    0.   ,  -10.   ],\n",
       "        [   0.   ,    0.   ,    1.   , -510.   ],\n",
       "        [   0.   ,   -1.   ,    0.   ,  464.587],\n",
       "        [   0.   ,    0.   ,    0.   ,    1.   ]],\n",
       "\n",
       "       [[   0.   ,    0.   ,   -1.   ,  490.   ],\n",
       "        [   1.   ,    0.   ,    0.   ,  -10.   ],\n",
       "        [   0.   ,   -1.   ,    0.   ,  464.587],\n",
       "        [   0.   ,    0.   ,    0.   ,    1.   ]],\n",
       "\n",
       "       [[   0.   ,   -0.259,   -0.966,  472.963],\n",
       "        [   1.   ,    0.   ,    0.   ,  -10.   ],\n",
       "        [   0.   ,   -0.966,    0.259,  335.177],\n",
       "        [   0.   ,    0.   ,    0.   ,    1.   ]],\n",
       "\n",
       "       [[   0.   ,   -0.5  ,   -0.866,  423.013],\n",
       "        [   1.   ,    0.   ,    0.   ,  -10.   ],\n",
       "        [   0.   ,   -0.866,    0.5  ,  214.587],\n",
       "        [   0.   ,    0.   ,    0.   ,    1.   ]],\n",
       "\n",
       "       [[   0.   ,   -0.707,   -0.707,  343.554],\n",
       "        [   1.   ,    0.   ,    0.   ,  -10.   ],\n",
       "        [   0.   ,   -0.707,    0.707,  111.034],\n",
       "        [   0.   ,    0.   ,    0.   ,    1.   ]],\n",
       "\n",
       "       [[   0.   ,   -0.866,   -0.5  ,  240.   ],\n",
       "        [   1.   ,    0.   ,    0.   ,  -10.   ],\n",
       "        [   0.   ,   -0.5  ,    0.866,   31.574],\n",
       "        [   0.   ,    0.   ,    0.   ,    1.   ]],\n",
       "\n",
       "       [[   0.383,   -0.8  ,   -0.462,  220.97 ],\n",
       "        [   0.924,    0.331,    0.191, -105.671],\n",
       "        [   0.   ,   -0.5  ,    0.866,   31.574],\n",
       "        [   0.   ,    0.   ,    0.   ,    1.   ]],\n",
       "\n",
       "       [[   0.383,   -0.653,   -0.653,  316.641],\n",
       "        [   0.924,    0.271,    0.271, -145.299],\n",
       "        [  -0.   ,   -0.707,    0.707,  111.034],\n",
       "        [   0.   ,    0.   ,    0.   ,    1.   ]],\n",
       "\n",
       "       [[   0.383,   -0.462,   -0.8  ,  390.052],\n",
       "        [   0.924,    0.191,    0.331, -175.707],\n",
       "        [  -0.   ,   -0.866,    0.5  ,  214.587],\n",
       "        [   0.   ,    0.   ,    0.   ,    1.   ]],\n",
       "\n",
       "       [[   0.383,   -0.239,   -0.892,  436.2  ],\n",
       "        [   0.924,    0.099,    0.37 , -194.822],\n",
       "        [   0.   ,   -0.966,    0.259,  335.177],\n",
       "        [   0.   ,    0.   ,    0.   ,    1.   ]],\n",
       "\n",
       "       [[   0.383,   -0.   ,   -0.924,  451.94 ],\n",
       "        [   0.924,    0.   ,    0.383, -201.342],\n",
       "        [   0.   ,   -1.   ,   -0.   ,  464.587],\n",
       "        [   0.   ,    0.   ,    0.   ,    1.   ]],\n",
       "\n",
       "       [[   0.707,   -0.   ,   -0.707,  343.554],\n",
       "        [   0.707,    0.   ,    0.707, -363.554],\n",
       "        [   0.   ,   -1.   ,   -0.   ,  464.587],\n",
       "        [   0.   ,    0.   ,    0.   ,    1.   ]],\n",
       "\n",
       "       [[   0.707,   -0.183,   -0.683,  331.507],\n",
       "        [   0.707,    0.183,    0.683, -351.507],\n",
       "        [   0.   ,   -0.966,    0.259,  335.177],\n",
       "        [   0.   ,    0.   ,    0.   ,    1.   ]],\n",
       "\n",
       "       [[   0.707,   -0.354,   -0.612,  296.186],\n",
       "        [   0.707,    0.354,    0.612, -316.186],\n",
       "        [   0.   ,   -0.866,    0.5  ,  214.587],\n",
       "        [   0.   ,    0.   ,    0.   ,    1.   ]],\n",
       "\n",
       "       [[   0.707,   -0.5  ,   -0.5  ,  240.   ],\n",
       "        [   0.707,    0.5  ,    0.5  , -260.   ],\n",
       "        [  -0.   ,   -0.707,    0.707,  111.034],\n",
       "        [   0.   ,    0.   ,    0.   ,    1.   ]],\n",
       "\n",
       "       [[   0.707,   -0.612,   -0.354,  166.777],\n",
       "        [   0.707,    0.612,    0.354, -186.777],\n",
       "        [  -0.   ,   -0.5  ,    0.866,   31.574],\n",
       "        [   0.   ,    0.   ,    0.   ,    1.   ]],\n",
       "\n",
       "       [[   0.924,   -0.331,   -0.191,   85.671],\n",
       "        [   0.383,    0.8  ,    0.462, -240.97 ],\n",
       "        [   0.   ,   -0.5  ,    0.866,   31.574],\n",
       "        [   0.   ,    0.   ,    0.   ,    1.   ]],\n",
       "\n",
       "       [[   0.924,   -0.271,   -0.271,  125.299],\n",
       "        [   0.383,    0.653,    0.653, -336.641],\n",
       "        [  -0.   ,   -0.707,    0.707,  111.034],\n",
       "        [   0.   ,    0.   ,    0.   ,    1.   ]],\n",
       "\n",
       "       [[   0.924,   -0.191,   -0.331,  155.707],\n",
       "        [   0.383,    0.462,    0.8  , -410.052],\n",
       "        [  -0.   ,   -0.866,    0.5  ,  214.587],\n",
       "        [   0.   ,    0.   ,    0.   ,    1.   ]],\n",
       "\n",
       "       [[   0.924,   -0.099,   -0.37 ,  174.822],\n",
       "        [   0.383,    0.239,    0.892, -456.2  ],\n",
       "        [  -0.   ,   -0.966,    0.259,  335.177],\n",
       "        [   0.   ,    0.   ,    0.   ,    1.   ]],\n",
       "\n",
       "       [[   0.924,    0.   ,   -0.383,  181.342],\n",
       "        [   0.383,    0.   ,    0.924, -471.94 ],\n",
       "        [   0.   ,   -1.   ,   -0.   ,  464.587],\n",
       "        [   0.   ,    0.   ,    0.   ,    1.   ]]])"
      ]
     },
     "execution_count": 12,
     "metadata": {},
     "output_type": "execute_result"
    }
   ],
   "source": [
    "# Normalize all poses: T_normalized = inv(T0) * T_i for each pose T_i\n",
    "Ts_norm = np.array([np.linalg.inv(Ts[0]) @ T for T in Ts])\n",
    "Ts_norm"
   ]
  },
  {
   "cell_type": "code",
   "execution_count": 13,
   "metadata": {},
   "outputs": [],
   "source": [
    "out_dir = '/out'\n",
    "\n",
    "os.mkdir(root+out_dir)\n",
    "\n",
    "np.save(root+out_dir+'/transforms_all.npy', Ts, allow_pickle=False)\n",
    "np.save(root+out_dir+'/transforms_all_normalized.npy', Ts_norm, allow_pickle=False)\n",
    "np.save(root+out_dir+'/transforms.npy', Ts[:4], allow_pickle=False)\n",
    "np.save(root+out_dir+'/transforms_normalized.npy', Ts_norm[:4], allow_pickle=False)"
   ]
  },
  {
   "cell_type": "code",
   "execution_count": 14,
   "metadata": {},
   "outputs": [
    {
     "name": "stdout",
     "output_type": "stream",
     "text": [
      "Initialized CameraPoseVisualizer\n"
     ]
    },
    {
     "data": {
